# # Neutron Star EOS (Haensel & Potekhin 2004 Analytical Fit)
# # Columns: rho (g/cm³), P (dyne/cm²), epsilon (erg/cm³), n_b (1/cm³)
# # Source: Haensel & Potekhin (2004), A&A 428, 191
# # These fits are calibrated to reproduce known M_max values
# # SLy4: M_max = 2.05 Msun (Douchin & Haensel 2001)
# # APR: M_max = 2.21 Msun (Akmal et al. 1998)
# 
1.000000e+11 1.816892e+09 8.987552e+31 6.024096e+34
1.020045e+11 1.874927e+09 9.167707e+31 6.144849e+34
1.040492e+11 1.934815e+09 9.351473e+31 6.268022e+34
1.061348e+11 1.996616e+09 9.538922e+31 6.393664e+34
1.082623e+11 2.060391e+09 9.730129e+31 6.521824e+34
1.104324e+11 2.126203e+09 9.925169e+31 6.652554e+34
1.126460e+11 2.194118e+09 1.012412e+32 6.785904e+34
1.149040e+11 2.264201e+09 1.032706e+32 6.921927e+34
1.172072e+11 2.336523e+09 1.053406e+32 7.060676e+34
1.195566e+11 2.411156e+09 1.074521e+32 7.202207e+34
1.219531e+11 2.488172e+09 1.096060e+32 7.346575e+34
1.243977e+11 2.567648e+09 1.118031e+32 7.493836e+34
1.268912e+11 2.649663e+09 1.140441e+32 7.644050e+34
1.294347e+11 2.734298e+09 1.163301e+32 7.797274e+34
1.320293e+11 2.821635e+09 1.186620e+32 7.953570e+34
1.346758e+11 2.911763e+09 1.210405e+32 8.112998e+34
1.373753e+11 3.004769e+09 1.234668e+32 8.275623e+34
1.401290e+11 3.100747e+09 1.259417e+32 8.441507e+34
1.429379e+11 3.199789e+09 1.284662e+32 8.610716e+34
1.458031e+11 3.301996e+09 1.310413e+32 8.783318e+34
1.487257e+11 3.407467e+09 1.336680e+32 8.959378e+34
1.517069e+11 3.516307e+09 1.363473e+32 9.138969e+34
1.547478e+11 3.628623e+09 1.390804e+32 9.322158e+34
1.578497e+11 3.744527e+09 1.418683e+32 9.509020e+34
1.610138e+11 3.864134e+09 1.447120e+32 9.699628e+34
1.642413e+11 3.987560e+09 1.476127e+32 9.894056e+34
1.675335e+11 4.114929e+09 1.505716e+32 1.009238e+35
1.708917e+11 4.246367e+09 1.535898e+32 1.029468e+35
1.743172e+11 4.382003e+09 1.566685e+32 1.050104e+35
1.778114e+11 4.521971e+09 1.598089e+32 1.071153e+35
1.813756e+11 4.666410e+09 1.630123e+32 1.092624e+35
1.850113e+11 4.815462e+09 1.662799e+32 1.114526e+35
1.887198e+11 4.969276e+09 1.696129e+32 1.136866e+35
1.925027e+11 5.128003e+09 1.730128e+32 1.159655e+35
1.963614e+11 5.291799e+09 1.764808e+32 1.182900e+35
2.002975e+11 5.460828e+09 1.800184e+32 1.206611e+35
2.043124e+11 5.635256e+09 1.836268e+32 1.230798e+35
2.084078e+11 5.815255e+09 1.873076e+32 1.255469e+35
2.125854e+11 6.001003e+09 1.910622e+32 1.280635e+35
2.168466e+11 6.192685e+09 1.948920e+32 1.306305e+35
2.211933e+11 6.390489e+09 1.987986e+32 1.332490e+35
2.256271e+11 6.594612e+09 2.027835e+32 1.359199e+35
2.301498e+11 6.805254e+09 2.068483e+32 1.386444e+35
2.347631e+11 7.022625e+09 2.109946e+32 1.414236e+35
2.394689e+11 7.246939e+09 2.152239e+32 1.442584e+35
2.442690e+11 7.478418e+09 2.195381e+32 1.471500e+35
2.491654e+11 7.717291e+09 2.239387e+32 1.500996e+35
2.541599e+11 7.963793e+09 2.284275e+32 1.531084e+35
2.592545e+11 8.218170e+09 2.330063e+32 1.561774e+35
2.644513e+11 8.480671e+09 2.376769e+32 1.593080e+35
2.697522e+11 8.751557e+09 2.424411e+32 1.625013e+35
2.751593e+11 9.031096e+09 2.473009e+32 1.657586e+35
2.806749e+11 9.319564e+09 2.522580e+32 1.690812e+35
2.863010e+11 9.617246e+09 2.573145e+32 1.724705e+35
2.920399e+11 9.924436e+09 2.624723e+32 1.759276e+35
2.978938e+11 1.024144e+10 2.677336e+32 1.794541e+35
3.038650e+11 1.056857e+10 2.731003e+32 1.830512e+35
3.099560e+11 1.090614e+10 2.785745e+32 1.867205e+35
3.161690e+11 1.125450e+10 2.841585e+32 1.904633e+35
3.225066e+11 1.161399e+10 2.898545e+32 1.942811e+35
3.289712e+11 1.198496e+10 2.956646e+32 1.981754e+35
3.355654e+11 1.236778e+10 3.015912e+32 2.021478e+35
3.422918e+11 1.276283e+10 3.076365e+32 2.061999e+35
3.491530e+11 1.317049e+10 3.138031e+32 2.103331e+35
3.561518e+11 1.359118e+10 3.200932e+32 2.145493e+35
3.632908e+11 1.402530e+10 3.265095e+32 2.188499e+35
3.705729e+11 1.447329e+10 3.330544e+32 2.232367e+35
3.780010e+11 1.493559e+10 3.397304e+32 2.277115e+35
3.855781e+11 1.541266e+10 3.465403e+32 2.322759e+35
3.933069e+11 1.590496e+10 3.534866e+32 2.369319e+35
4.011907e+11 1.641299e+10 3.605723e+32 2.416812e+35
4.092326e+11 1.693725e+10 3.677999e+32 2.465256e+35
4.174356e+11 1.747826e+10 3.751724e+32 2.514672e+35
4.258031e+11 1.803654e+10 3.826927e+32 2.565079e+35
4.343383e+11 1.861265e+10 3.903638e+32 2.616496e+35
4.430445e+11 1.920717e+10 3.981886e+32 2.668943e+35
4.519253e+11 1.982068e+10 4.061702e+32 2.722442e+35
4.609841e+11 2.045379e+10 4.143119e+32 2.777013e+35
4.702245e+11 2.110711e+10 4.226167e+32 2.832678e+35
4.796502e+11 2.178131e+10 4.310881e+32 2.889459e+35
4.892647e+11 2.247704e+10 4.397292e+32 2.947378e+35
4.990720e+11 2.319499e+10 4.485435e+32 3.006458e+35
5.090758e+11 2.393588e+10 4.575345e+32 3.066722e+35
5.192802e+11 2.470043e+10 4.667058e+32 3.128194e+35
5.296892e+11 2.548940e+10 4.760609e+32 3.190899e+35
5.403067e+11 2.630357e+10 4.856035e+32 3.254860e+35
5.511371e+11 2.714375e+10 4.953374e+32 3.320103e+35
5.621846e+11 2.801076e+10 5.052664e+32 3.386654e+35
5.734536e+11 2.890547e+10 5.153944e+32 3.454540e+35
5.849484e+11 2.982876e+10 5.257254e+32 3.523786e+35
5.966737e+11 3.078154e+10 5.362635e+32 3.594420e+35
6.086339e+11 3.176475e+10 5.470129e+32 3.666470e+35
6.208340e+11 3.277937e+10 5.579777e+32 3.739964e+35
6.332785e+11 3.382639e+10 5.691624e+32 3.814931e+35
6.459726e+11 3.490686e+10 5.805712e+32 3.891401e+35
6.589210e+11 3.602184e+10 5.922087e+32 3.969404e+35
6.721290e+11 3.717244e+10 6.040795e+32 4.048970e+35
6.856018e+11 3.835979e+10 6.161882e+32 4.130131e+35
6.993447e+11 3.958506e+10 6.285396e+32 4.212920e+35
7.133630e+11 4.084947e+10 6.411387e+32 4.297367e+35
7.276623e+11 4.215427e+10 6.539902e+32 4.383508e+35
7.422482e+11 4.350074e+10 6.670994e+32 4.471375e+35
7.571265e+11 4.489023e+10 6.804714e+32 4.561003e+35
7.723031e+11 4.632409e+10 6.941114e+32 4.652428e+35
7.877838e+11 4.780376e+10 7.080248e+32 4.745686e+35
8.035749e+11 4.933069e+10 7.222171e+32 4.840813e+35
8.196825e+11 5.090639e+10 7.366939e+32 4.937846e+35
8.361129e+11 5.253242e+10 7.514608e+32 5.036825e+35
8.528728e+11 5.421039e+10 7.665238e+32 5.137788e+35
8.699685e+11 5.594196e+10 7.818887e+32 5.240774e+35
8.874070e+11 5.772883e+10 7.975616e+32 5.345825e+35
9.051950e+11 5.957278e+10 8.135487e+32 5.452982e+35
9.233396e+11 6.147564e+10 8.298562e+32 5.562286e+35
9.418478e+11 6.343927e+10 8.464906e+32 5.673782e+35
9.607271e+11 6.546562e+10 8.634585e+32 5.787513e+35
9.799848e+11 6.755670e+10 8.807664e+32 5.903523e+35
9.996285e+11 6.971456e+10 8.984213e+32 6.021859e+35
1.019666e+12 7.194136e+10 9.164301e+32 6.142566e+35
1.040105e+12 7.423928e+10 9.347999e+32 6.265693e+35
1.060954e+12 7.661060e+10 9.535379e+32 6.391289e+35
1.082221e+12 7.905767e+10 9.726514e+32 6.519402e+35
1.103914e+12 8.158290e+10 9.921482e+32 6.650083e+35
1.126042e+12 8.418879e+10 1.012036e+33 6.783383e+35
1.148613e+12 8.687791e+10 1.032322e+33 6.919355e+35
1.171637e+12 8.965293e+10 1.053015e+33 7.058053e+35
1.195122e+12 9.251659e+10 1.074122e+33 7.199531e+35
1.219078e+12 9.547172e+10 1.095653e+33 7.343846e+35
1.243515e+12 9.852124e+10 1.117615e+33 7.491052e+35
1.268441e+12 1.016682e+11 1.140018e+33 7.641210e+35
1.293867e+12 1.049156e+11 1.162869e+33 7.794377e+35
1.319802e+12 1.082668e+11 1.186179e+33 7.950615e+35
1.346257e+12 1.117250e+11 1.209956e+33 8.109985e+35
1.373243e+12 1.152937e+11 1.234209e+33 8.272549e+35
1.400770e+12 1.189763e+11 1.258949e+33 8.438371e+35
1.428848e+12 1.227766e+11 1.284184e+33 8.607518e+35
1.457489e+12 1.266983e+11 1.309926e+33 8.780055e+35
1.486704e+12 1.307453e+11 1.336183e+33 8.956050e+35
1.516505e+12 1.349215e+11 1.362967e+33 9.135574e+35
1.546903e+12 1.392311e+11 1.390287e+33 9.318695e+35
1.577911e+12 1.436784e+11 1.418156e+33 9.505488e+35
1.609540e+12 1.482677e+11 1.446583e+33 9.696025e+35
1.641803e+12 1.530036e+11 1.475579e+33 9.890381e+35
1.674713e+12 5.917463e+27 1.505172e+33 1.008863e+36
1.708283e+12 6.281112e+27 1.535343e+33 1.029086e+36
1.742525e+12 6.667109e+27 1.566120e+33 1.049714e+36
1.777454e+12 7.076826e+27 1.597513e+33 1.070755e+36
1.813083e+12 7.511722e+27 1.629536e+33 1.092218e+36
1.849426e+12 7.973344e+27 1.662201e+33 1.114112e+36
1.886497e+12 8.463334e+27 1.695520e+33 1.136444e+36
1.924312e+12 8.983436e+27 1.729508e+33 1.159224e+36
1.962885e+12 9.535500e+27 1.764177e+33 1.182461e+36
2.002231e+12 1.012149e+28 1.799540e+33 1.206163e+36
2.042365e+12 1.074349e+28 1.835613e+33 1.230340e+36
2.083304e+12 1.140372e+28 1.872409e+33 1.255003e+36
2.125064e+12 1.210452e+28 1.909942e+33 1.280159e+36
2.167661e+12 1.284838e+28 1.948228e+33 1.305820e+36
2.211111e+12 1.363796e+28 1.987282e+33 1.331995e+36
2.255433e+12 1.447606e+28 2.027118e+33 1.358694e+36
2.300643e+12 1.536567e+28 2.067753e+33 1.385929e+36
2.346759e+12 1.630994e+28 2.109202e+33 1.413710e+36
2.393800e+12 1.731225e+28 2.151483e+33 1.442048e+36
2.441783e+12 1.837614e+28 2.194611e+33 1.470954e+36
2.490728e+12 1.950542e+28 2.238604e+33 1.500439e+36
2.540655e+12 2.070410e+28 2.283478e+33 1.530515e+36
2.591582e+12 2.197644e+28 2.329253e+33 1.561194e+36
2.643530e+12 2.332697e+28 2.375945e+33 1.592488e+36
2.696520e+12 2.476050e+28 2.423573e+33 1.624409e+36
2.750571e+12 2.628212e+28 2.472156e+33 1.656970e+36
2.805706e+12 2.789725e+28 2.521713e+33 1.690184e+36
2.861946e+12 2.961163e+28 2.572263e+33 1.724064e+36
2.919314e+12 3.143137e+28 2.623827e+33 1.758623e+36
2.977831e+12 3.336294e+28 2.676425e+33 1.793874e+36
3.037521e+12 3.541321e+28 2.730077e+33 1.829832e+36
3.098408e+12 3.758948e+28 2.784805e+33 1.866511e+36
3.160516e+12 3.989949e+28 2.840630e+33 1.903925e+36
3.223868e+12 4.235145e+28 2.897574e+33 1.942089e+36
3.288490e+12 4.495410e+28 2.955660e+33 1.981018e+36
3.354408e+12 4.771669e+28 3.014911e+33 2.020728e+36
3.421647e+12 5.064905e+28 3.075349e+33 2.061233e+36
3.490233e+12 5.376161e+28 3.137000e+33 2.102550e+36
3.560195e+12 5.706545e+28 3.199886e+33 2.144696e+36
3.631559e+12 6.057233e+28 3.264033e+33 2.187686e+36
3.704353e+12 6.429471e+28 3.329467e+33 2.231538e+36
3.778606e+12 6.824585e+28 3.396213e+33 2.276269e+36
3.854348e+12 7.243980e+28 3.464296e+33 2.321896e+36
3.931608e+12 7.689148e+28 3.533746e+33 2.368439e+36
4.010417e+12 8.161673e+28 3.604587e+33 2.415914e+36
4.090806e+12 8.663237e+28 3.676849e+33 2.464341e+36
4.172805e+12 9.195624e+28 3.750560e+33 2.513738e+36
4.256449e+12 9.760727e+28 3.825750e+33 2.564126e+36
4.341769e+12 1.036056e+29 3.902447e+33 2.615524e+36
4.428800e+12 1.099725e+29 3.980682e+33 2.667952e+36
4.517575e+12 1.167307e+29 4.060485e+33 2.721430e+36
4.608129e+12 1.239042e+29 4.141890e+33 2.775981e+36
4.700499e+12 1.315186e+29 4.224926e+33 2.831626e+36
4.794720e+12 1.396009e+29 4.309628e+33 2.888385e+36
4.890830e+12 1.481798e+29 4.396029e+33 2.946283e+36
4.988866e+12 1.572860e+29 4.484162e+33 3.005341e+36
5.088867e+12 1.669518e+29 4.574063e+33 3.065583e+36
5.190873e+12 1.772116e+29 4.665767e+33 3.127032e+36
5.294924e+12 1.881019e+29 4.759310e+33 3.189713e+36
5.401060e+12 1.996614e+29 4.854730e+33 3.253651e+36
5.509324e+12 2.119313e+29 4.952063e+33 3.318870e+36
5.619758e+12 2.249552e+29 5.051349e+33 3.385396e+36
5.732406e+12 2.387795e+29 5.152626e+33 3.453256e+36
5.847311e+12 2.534534e+29 5.255935e+33 3.522477e+36
5.964520e+12 2.690290e+29 5.361316e+33 3.593084e+36
6.084078e+12 2.855618e+29 5.468811e+33 3.665108e+36
6.206033e+12 3.031105e+29 5.578462e+33 3.738574e+36
6.330433e+12 3.217378e+29 5.690314e+33 3.813514e+36
6.457326e+12 3.415097e+29 5.804409e+33 3.889955e+36
6.586762e+12 3.624967e+29 5.920793e+33 3.967929e+36
6.718794e+12 3.847734e+29 6.039512e+33 4.047466e+36
6.853471e+12 4.084191e+29 6.160614e+33 4.128597e+36
6.990849e+12 4.335179e+29 6.284145e+33 4.211355e+36
7.130980e+12 4.601591e+29 6.410155e+33 4.295771e+36
7.273920e+12 4.884375e+29 6.538694e+33 4.381879e+36
7.419725e+12 5.184537e+29 6.669812e+33 4.469714e+36
7.568453e+12 5.503145e+29 6.803562e+33 4.559309e+36
7.720162e+12 5.841333e+29 6.939996e+33 4.650700e+36
7.874912e+12 6.200303e+29 7.079168e+33 4.743923e+36
8.032764e+12 6.581334e+29 7.221133e+33 4.839014e+36
8.193780e+12 6.985780e+29 7.365948e+33 4.936012e+36
8.358023e+12 7.415081e+29 7.513671e+33 5.034954e+36
8.525559e+12 7.870764e+29 7.664358e+33 5.135879e+36
8.696454e+12 8.354451e+29 7.818071e+33 5.238827e+36
8.870773e+12 8.867861e+29 7.974870e+33 5.343839e+36
9.048587e+12 9.412823e+29 8.134818e+33 5.450956e+36
9.229966e+12 9.991274e+29 8.297977e+33 5.560220e+36
9.414979e+12 1.060527e+30 8.464413e+33 5.671674e+36
9.603702e+12 1.125701e+30 8.634191e+33 5.785363e+36
9.796207e+12 1.194879e+30 8.807379e+33 5.901330e+36
9.992572e+12 1.268308e+30 8.984046e+33 6.019621e+36
1.019287e+13 1.346250e+30 9.164262e+33 6.140284e+36
1.039719e+13 1.428982e+30 9.348098e+33 6.263366e+36
1.060560e+13 1.516798e+30 9.535628e+33 6.388915e+36
1.081819e+13 1.610011e+30 9.726926e+33 6.516980e+36
1.103504e+13 1.708952e+30 9.922068e+33 6.647612e+36
1.125623e+13 1.813973e+30 1.012113e+34 6.780863e+36
1.148186e+13 1.925448e+30 1.032420e+34 6.916785e+36
1.171202e+13 2.043774e+30 1.053134e+34 7.055431e+36
1.194678e+13 2.169371e+30 1.074266e+34 7.196857e+36
1.218625e+13 2.302686e+30 1.095822e+34 7.341117e+36
1.243053e+13 2.444195e+30 1.117811e+34 7.488270e+36
1.267970e+13 2.594399e+30 1.140243e+34 7.638371e+36
1.293386e+13 2.753834e+30 1.163126e+34 7.791482e+36
1.319312e+13 2.923067e+30 1.186469e+34 7.947662e+36
1.345757e+13 3.102700e+30 1.210282e+34 8.106972e+36
1.372733e+13 3.293372e+30 1.234574e+34 8.269475e+36
1.400249e+13 3.495761e+30 1.259355e+34 8.435236e+36
1.428317e+13 3.710588e+30 1.284635e+34 8.604320e+36
1.456948e+13 3.938617e+30 1.310424e+34 8.776793e+36
1.486152e+13 4.180659e+30 1.336732e+34 8.952723e+36
1.515942e+13 4.437575e+30 1.363570e+34 9.132180e+36
1.546329e+13 4.710280e+30 1.390949e+34 9.315234e+36
1.577325e+13 4.999743e+30 1.418879e+34 9.501957e+36
1.608942e+13 5.306995e+30 1.447372e+34 9.692423e+36
1.641193e+13 5.633128e+30 1.476439e+34 9.886707e+36
1.674091e+13 5.979304e+30 1.506093e+34 1.008488e+37
1.707648e+13 6.346754e+30 1.536344e+34 1.028704e+37
1.741878e+13 6.736784e+30 1.567206e+34 1.049324e+37
1.776793e+13 7.150783e+30 1.598690e+34 1.070357e+37
1.812409e+13 7.590224e+30 1.630810e+34 1.091813e+37
1.848739e+13 8.056671e+30 1.663578e+34 1.113698e+37
1.885797e+13 8.551782e+30 1.697007e+34 1.136022e+37
1.923597e+13 9.077319e+30 1.731112e+34 1.158793e+37
1.962156e+13 9.635152e+30 1.765906e+34 1.182021e+37
2.001487e+13 1.022727e+31 1.801403e+34 1.205715e+37
2.041606e+13 1.085577e+31 1.837618e+34 1.229883e+37
2.082530e+13 1.152289e+31 1.874566e+34 1.254536e+37
2.124274e+13 1.223102e+31 1.912260e+34 1.279683e+37
2.166855e+13 1.298266e+31 1.950718e+34 1.305335e+37
2.210290e+13 1.378049e+31 1.989955e+34 1.331500e+37
2.254595e+13 1.462735e+31 2.029986e+34 1.358190e+37
2.299788e+13 1.552625e+31 2.070828e+34 1.385414e+37
2.345887e+13 1.648039e+31 2.112498e+34 1.413185e+37
2.392910e+13 1.749317e+31 2.155014e+34 1.441512e+37
2.440876e+13 1.856819e+31 2.198392e+34 1.470407e+37
2.489803e+13 1.970927e+31 2.242651e+34 1.499881e+37
2.539711e+13 2.092047e+31 2.287809e+34 1.529946e+37
2.590619e+13 2.220611e+31 2.333884e+34 1.560614e+37
2.642548e+13 2.357075e+31 2.380896e+34 1.591896e+37
2.695518e+13 2.501926e+31 2.428865e+34 1.623806e+37
2.749549e+13 2.655678e+31 2.477811e+34 1.656355e+37
2.804664e+13 2.818879e+31 2.527753e+34 1.689556e+37
2.860883e+13 2.992109e+31 2.578714e+34 1.723423e+37
2.918229e+13 3.175985e+31 2.630714e+34 1.757969e+37
2.976725e+13 3.371160e+31 2.683775e+34 1.793208e+37
3.036393e+13 3.578330e+31 2.737920e+34 1.829152e+37
3.097257e+13 3.798231e+31 2.793172e+34 1.865818e+37
3.159342e+13 4.031646e+31 2.849554e+34 1.903218e+37
3.222670e+13 4.279405e+31 2.907090e+34 1.941368e+37
3.287269e+13 4.542390e+31 2.965806e+34 1.980282e+37
3.353162e+13 4.821536e+31 3.025725e+34 2.019977e+37
3.420375e+13 5.117836e+31 3.086875e+34 2.060467e+37
3.488937e+13 5.432345e+31 3.149281e+34 2.101769e+37
3.558872e+13 5.766182e+31 3.212970e+34 2.143899e+37
3.630209e+13 6.120534e+31 3.277971e+34 2.186873e+37
3.702977e+13 6.496663e+31 3.344311e+34 2.230709e+37
3.777203e+13 6.895906e+31 3.412020e+34 2.275423e+37
3.852916e+13 7.319684e+31 3.481128e+34 2.321034e+37
3.930148e+13 7.769504e+31 3.551664e+34 2.367559e+37
4.008927e+13 8.246968e+31 3.623662e+34 2.415016e+37
4.089286e+13 8.753773e+31 3.697151e+34 2.463425e+37
4.171255e+13 9.291724e+31 3.772167e+34 2.512804e+37
4.254868e+13 9.862733e+31 3.848741e+34 2.563173e+37
4.340156e+13 1.046883e+32 3.926910e+34 2.614552e+37
4.427154e+13 1.111218e+32 4.006708e+34 2.666960e+37
4.515896e+13 1.179506e+32 4.088173e+34 2.720419e+37
4.606417e+13 1.251991e+32 4.171341e+34 2.774950e+37
4.698752e+13 1.328930e+32 4.256251e+34 2.830574e+37
4.792939e+13 1.410598e+32 4.342943e+34 2.887312e+37
4.889013e+13 1.497284e+32 4.431458e+34 2.945188e+37
4.987013e+13 1.589298e+32 4.521836e+34 3.004224e+37
5.086977e+13 1.686966e+32 4.614121e+34 3.064444e+37
5.188945e+13 1.790636e+32 4.708357e+34 3.125870e+37
5.292957e+13 1.900676e+32 4.804589e+34 3.188528e+37
5.399054e+13 2.017480e+32 4.902865e+34 3.252442e+37
5.507277e+13 2.141461e+32 5.003231e+34 3.317637e+37
5.617670e+13 2.273061e+32 5.105737e+34 3.384139e+37
5.730276e+13 2.412749e+32 5.210434e+34 3.451974e+37
5.845139e+13 2.561021e+32 5.317375e+34 3.521168e+37
5.962304e+13 2.718405e+32 5.426612e+34 3.591750e+37
6.081818e+13 2.885461e+32 5.538202e+34 3.663746e+37
6.203728e+13 3.062782e+32 5.652202e+34 3.737185e+37
6.328081e+13 3.251001e+32 5.768671e+34 3.812097e+37
6.454927e+13 3.450787e+32 5.887669e+34 3.888510e+37
6.584316e+13 3.662850e+32 6.009259e+34 3.966455e+37
6.716298e+13 3.887945e+32 6.133506e+34 4.045962e+37
6.850925e+13 4.126873e+32 6.260476e+34 4.127063e+37
6.988252e+13 4.380484e+32 6.390239e+34 4.209790e+37
7.128331e+13 4.649680e+32 6.522866e+34 4.294175e+37
7.271217e+13 4.935420e+32 6.658430e+34 4.380251e+37
7.416968e+13 5.238719e+32 6.797007e+34 4.468053e+37
7.565641e+13 5.560656e+32 6.938675e+34 4.557615e+37
7.717294e+13 5.902378e+32 7.083517e+34 4.648972e+37
7.871986e+13 6.265101e+32 7.231616e+34 4.742160e+37
8.029780e+13 6.650113e+32 7.383059e+34 4.837217e+37
8.190736e+13 7.058786e+32 7.537936e+34 4.934178e+37
8.354919e+13 7.492574e+32 7.696341e+34 5.033083e+37
8.522392e+13 7.953019e+32 7.858370e+34 5.133971e+37
8.693223e+13 8.441760e+32 8.024123e+34 5.236881e+37
8.867478e+13 8.960536e+32 8.193705e+34 5.341854e+37
9.045226e+13 9.511193e+32 8.367223e+34 5.448931e+37
9.226537e+13 1.009569e+33 8.544790e+34 5.558155e+37
9.411482e+13 1.071611e+33 8.726521e+34 5.669567e+37
9.600134e+13 1.137465e+33 8.912537e+34 5.783213e+37
9.792568e+13 1.207366e+33 9.102963e+34 5.899138e+37
9.988860e+13 1.281563e+33 9.297930e+34 6.017385e+37
1.018909e+14 1.360320e+33 9.497573e+34 6.138003e+37
1.039332e+14 1.443916e+33 9.702034e+34 6.261039e+37
1.060166e+14 1.532650e+33 9.911458e+34 6.386541e+37
1.081417e+14 1.626837e+33 1.012600e+35 6.514559e+37
1.103094e+14 1.726811e+33 1.034581e+35 6.645143e+37
1.125205e+14 1.832930e+33 1.057107e+35 6.778344e+37
1.147760e+14 1.945570e+33 1.080194e+35 6.914215e+37
1.170767e+14 2.065132e+33 1.103861e+35 7.052810e+37
1.194234e+14 2.192042e+33 1.128125e+35 7.194183e+37
1.218173e+14 2.326751e+33 1.153008e+35 7.338390e+37
1.242591e+14 2.469738e+33 1.178529e+35 7.485488e+37
1.267499e+14 2.621512e+33 1.204709e+35 7.635534e+37
1.292906e+14 2.782613e+33 1.231571e+35 7.788587e+37
1.318822e+14 2.953615e+33 1.259138e+35 7.944709e+37
1.345257e+14 3.135125e+33 1.287435e+35 8.103960e+37
1.372223e+14 3.327789e+33 1.316487e+35 8.266403e+37
1.399729e+14 3.532294e+33 1.346321e+35 8.432103e+37
1.427787e+14 3.749366e+33 1.376965e+35 8.601124e+37
1.456406e+14 3.979778e+33 1.408447e+35 8.773533e+37
1.485600e+14 4.224349e+33 1.440799e+35 8.949397e+37
1.515379e+14 4.483950e+33 1.474053e+35 9.128787e+37
1.545754e+14 4.759505e+33 1.508242e+35 9.311773e+37
1.576739e+14 5.051993e+33 1.543402e+35 9.498427e+37
1.608344e+14 5.362456e+33 1.579569e+35 9.688822e+37
1.640584e+14 5.691998e+33 1.616783e+35 9.883034e+37
1.673469e+14 6.095214e+33 1.686895e+35 1.008114e+38
1.707014e+14 6.465000e+33 1.728137e+35 1.028321e+38
1.741231e+14 6.857442e+33 1.770663e+35 1.048934e+38
1.776133e+14 7.273943e+33 1.814527e+35 1.069960e+38
1.811736e+14 7.715992e+33 1.859787e+35 1.091407e+38
1.848052e+14 8.185170e+33 1.906501e+35 1.113284e+38
1.885096e+14 8.683160e+33 1.954735e+35 1.135600e+38
1.922883e+14 9.211748e+33 2.004553e+35 1.158363e+38
1.961427e+14 9.772830e+33 2.056027e+35 1.181582e+38
2.000743e+14 1.036843e+34 2.109231e+35 1.205267e+38
2.040848e+14 1.100068e+34 2.164243e+35 1.229426e+38
2.081757e+14 1.167186e+34 2.221145e+35 1.254070e+38
2.123485e+14 1.238440e+34 2.280025e+35 1.279208e+38
2.166050e+14 1.314086e+34 2.340975e+35 1.304850e+38
2.209469e+14 1.394398e+34 2.404091e+35 1.331005e+38
2.253757e+14 1.479667e+34 2.469476e+35 1.357685e+38
2.298934e+14 1.570201e+34 2.537239e+35 1.384900e+38
2.345016e+14 1.666328e+34 2.607493e+35 1.412660e+38
2.392021e+14 1.768398e+34 2.680361e+35 1.440977e+38
2.439969e+14 1.876781e+34 2.755969e+35 1.469861e+38
2.488878e+14 1.991871e+34 2.834454e+35 1.499324e+38
2.538768e+14 2.114088e+34 2.915957e+35 1.529378e+38
2.589657e+14 2.243877e+34 3.000631e+35 1.560034e+38
2.641566e+14 2.381711e+34 3.088635e+35 1.591305e+38
2.694516e+14 2.528094e+34 3.180139e+35 1.623203e+38
2.748528e+14 2.683562e+34 3.275322e+35 1.655740e+38
2.803622e+14 2.848682e+34 3.374374e+35 1.688929e+38
2.859820e+14 3.024061e+34 3.477496e+35 1.722783e+38
2.917145e+14 3.210341e+34 3.584902e+35 1.757316e+38
2.975619e+14 3.408206e+34 3.696815e+35 1.792542e+38
3.035265e+14 3.618385e+34 3.813476e+35 1.828473e+38
3.096107e+14 3.841649e+34 3.935137e+35 1.865125e+38
3.158168e+14 4.078823e+34 4.062067e+35 1.902511e+38
3.221473e+14 4.330779e+34 4.194550e+35 1.940647e+38
3.286047e+14 4.598449e+34 4.332887e+35 1.979547e+38
3.351916e+14 4.882821e+34 4.477398e+35 2.019226e+38
3.419105e+14 5.184948e+34 4.628423e+35 2.059702e+38
3.487641e+14 5.505947e+34 4.786319e+35 2.100988e+38
3.557550e+14 5.847010e+34 4.951470e+35 2.143102e+38
3.628861e+14 6.209402e+34 5.124278e+35 2.186061e+38
3.701601e+14 6.594468e+34 5.305174e+35 2.229880e+38
3.775799e+14 7.003642e+34 5.494612e+35 2.274578e+38
3.851485e+14 7.438445e+34 5.693076e+35 2.320172e+38
3.928688e+14 7.900499e+34 5.901078e+35 2.366679e+38
4.007438e+14 8.391528e+34 6.119164e+35 2.414119e+38
4.087767e+14 8.913364e+34 6.347911e+35 2.462510e+38
4.169706e+14 9.467959e+34 6.587932e+35 2.511871e+38
4.253287e+14 1.005739e+35 6.839880e+35 2.562221e+38
4.338544e+14 1.068386e+35 7.104446e+35 2.613581e+38
4.425510e+14 1.134972e+35 7.382366e+35 2.665970e+38
4.514219e+14 1.205747e+35 7.674420e+35 2.719409e+38
4.604706e+14 1.280978e+35 7.981437e+35 2.773919e+38
4.697007e+14 1.360947e+35 8.304299e+35 2.829522e+38
4.791158e+14 1.445954e+35 8.643941e+35 2.886240e+38
4.887196e+14 1.536322e+35 9.001359e+35 2.944094e+38
4.985160e+14 1.632390e+35 9.377609e+35 3.003108e+38
5.085087e+14 1.734522e+35 9.773815e+35 3.063305e+38
5.187017e+14 1.843104e+35 1.019117e+36 3.124709e+38
5.290991e+14 1.958547e+35 1.063095e+36 3.187344e+38
5.397048e+14 2.081288e+35 1.109449e+36 3.251234e+38
5.505232e+14 2.211793e+35 1.158323e+36 3.316405e+38
5.615583e+14 2.350558e+35 1.209871e+36 3.382882e+38
5.728147e+14 2.498110e+35 1.264253e+36 3.450691e+38
5.842968e+14 2.655010e+35 1.321643e+36 3.519860e+38
5.960090e+14 2.821857e+35 1.382223e+36 3.590415e+38
6.079559e+14 2.999286e+35 1.446189e+36 3.662385e+38
6.201423e+14 3.187975e+35 1.513749e+36 3.735797e+38
6.325730e+14 3.388645e+35 1.585122e+36 3.810681e+38
6.452529e+14 3.602063e+35 1.660543e+36 3.887066e+38
6.581870e+14 3.829047e+35 1.740263e+36 3.964982e+38
6.713803e+14 4.070467e+35 1.824546e+36 4.044459e+38
6.848380e+14 4.327248e+35 1.913676e+36 4.125530e+38
6.985656e+14 4.600378e+35 2.007953e+36 4.208226e+38
7.125683e+14 4.890907e+35 2.107696e+36 4.292580e+38
7.268516e+14 5.199952e+35 2.213247e+36 4.378624e+38
7.414213e+14 5.528705e+35 2.324968e+36 4.466393e+38
7.562830e+14 5.878433e+35 2.443243e+36 4.555922e+38
7.714427e+14 6.250487e+35 2.568484e+36 4.647245e+38
7.869062e+14 6.646305e+35 2.701128e+36 4.740399e+38
8.026797e+14 7.067418e+35 2.841638e+36 4.835420e+38
8.187693e+14 7.515458e+35 2.990511e+36 4.932345e+38
8.351815e+14 7.992161e+35 3.148272e+36 5.031214e+38
8.519226e+14 8.499377e+35 3.315483e+36 5.132064e+38
8.689994e+14 9.039077e+35 3.492741e+36 5.234936e+38
8.864184e+14 9.613359e+35 3.680681e+36 5.339870e+38
9.041866e+14 1.022446e+36 3.879981e+36 5.446907e+38
9.223109e+14 1.087476e+36 4.091360e+36 5.556090e+38
9.407986e+14 1.156680e+36 4.315587e+36 5.667461e+38
9.596568e+14 1.230328e+36 4.553479e+36 5.781065e+38
9.788931e+14 1.308707e+36 4.805906e+36 5.896946e+38
9.985149e+14 1.392125e+36 5.073796e+36 6.015150e+38
1.018530e+15 1.480908e+36 5.358134e+36 6.135723e+38
1.038946e+15 1.575405e+36 5.659973e+36 6.258713e+38
1.059772e+15 1.675986e+36 5.980433e+36 6.384169e+38
1.081015e+15 1.783046e+36 6.320707e+36 6.512139e+38
1.102684e+15 1.897007e+36 6.682065e+36 6.642674e+38
1.124787e+15 2.018317e+36 7.065861e+36 6.775826e+38
1.147333e+15 2.147455e+36 7.473537e+36 6.911647e+38
1.170332e+15 2.284930e+36 7.906630e+36 7.050190e+38
1.193791e+15 2.431284e+36 8.366777e+36 7.191511e+38
1.217720e+15 2.587096e+36 8.855721e+36 7.335664e+38
1.242129e+15 2.752984e+36 9.375322e+36 7.482707e+38
1.267028e+15 2.929604e+36 9.927559e+36 7.632697e+38
1.292425e+15 3.117656e+36 1.051454e+37 7.785694e+38
1.318332e+15 3.317887e+36 1.113852e+37 7.941758e+38
1.344758e+15 3.531093e+36 1.180189e+37 8.100950e+38
1.371713e+15 3.758121e+36 1.250720e+37 8.263333e+38
1.399209e+15 3.999876e+36 1.325717e+37 8.428970e+38
1.427256e+15 4.257321e+36 1.405472e+37 8.597929e+38
1.455865e+15 4.531483e+36 1.490292e+37 8.770273e+38
1.485048e+15 4.823458e+36 1.580507e+37 8.946073e+38
1.514816e+15 5.134412e+36 1.676469e+37 9.125396e+38
1.545180e+15 5.465590e+36 1.778551e+37 9.308314e+38
1.576153e+15 5.818319e+36 1.887153e+37 9.494898e+38
1.607747e+15 6.194013e+36 2.002701e+37 9.685223e+38
1.639974e+15 6.594180e+36 2.125648e+37 9.879363e+38
1.672847e+15 7.020428e+36 2.256476e+37 1.007739e+39
1.706379e+15 7.474472e+36 2.395703e+37 1.027939e+39
1.740584e+15 7.958140e+36 2.543878e+37 1.048544e+39
1.775474e+15 8.473380e+36 2.701586e+37 1.069562e+39
1.811063e+15 9.022273e+36 2.869452e+37 1.091002e+39
1.847365e+15 9.607035e+36 3.048143e+37 1.112871e+39
1.884396e+15 1.023003e+37 3.238370e+37 1.135178e+39
1.922168e+15 1.089378e+37 3.440889e+37 1.157933e+39
1.960698e+15 1.160097e+37 3.656509e+37 1.181143e+39
2.000000e+15 1.235447e+37 3.886091e+37 1.204819e+39
