# # Neutron Star EOS (Potekhin & Chabrier 2017 Analytical Fit for APR)
# # Columns: rho (g/cm³), P (dyne/cm²), epsilon (erg/cm³), n_b (1/cm³)
# # Source: Potekhin & Chabrier (2017), A&A (Appendix A)
# # This fit is calibrated to reproduce M_max = 2.21 Msun
# 
1.000000e+11 1.816892e+09 8.987552e+31 6.024096e+34
1.020045e+11 1.874927e+09 9.167707e+31 6.144849e+34
1.040492e+11 1.934815e+09 9.351473e+31 6.268022e+34
1.061348e+11 1.996616e+09 9.538922e+31 6.393664e+34
1.082623e+11 2.060391e+09 9.730129e+31 6.521824e+34
1.104324e+11 2.126203e+09 9.925169e+31 6.652554e+34
1.126460e+11 2.194118e+09 1.012412e+32 6.785904e+34
1.149040e+11 2.264201e+09 1.032706e+32 6.921927e+34
1.172072e+11 2.336523e+09 1.053406e+32 7.060676e+34
1.195566e+11 2.411156e+09 1.074521e+32 7.202207e+34
1.219531e+11 2.488172e+09 1.096060e+32 7.346575e+34
1.243977e+11 2.567648e+09 1.118031e+32 7.493836e+34
1.268912e+11 2.649663e+09 1.140441e+32 7.644050e+34
1.294347e+11 2.734298e+09 1.163301e+32 7.797274e+34
1.320293e+11 2.821635e+09 1.186620e+32 7.953570e+34
1.346758e+11 2.911763e+09 1.210405e+32 8.112998e+34
1.373753e+11 3.004769e+09 1.234668e+32 8.275623e+34
1.401290e+11 3.100747e+09 1.259417e+32 8.441507e+34
1.429379e+11 3.199789e+09 1.284662e+32 8.610716e+34
1.458031e+11 3.301996e+09 1.310413e+32 8.783318e+34
1.487257e+11 3.407467e+09 1.336680e+32 8.959378e+34
1.517069e+11 3.516307e+09 1.363473e+32 9.138969e+34
1.547478e+11 3.628623e+09 1.390804e+32 9.322158e+34
1.578497e+11 3.744527e+09 1.418683e+32 9.509020e+34
1.610138e+11 3.864134e+09 1.447120e+32 9.699628e+34
1.642413e+11 3.987560e+09 1.476127e+32 9.894056e+34
1.675335e+11 4.114929e+09 1.505716e+32 1.009238e+35
1.708917e+11 4.246367e+09 1.535898e+32 1.029468e+35
1.743172e+11 4.382003e+09 1.566685e+32 1.050104e+35
1.778114e+11 4.521971e+09 1.598089e+32 1.071153e+35
1.813756e+11 4.666410e+09 1.630123e+32 1.092624e+35
1.850113e+11 4.815462e+09 1.662799e+32 1.114526e+35
1.887198e+11 4.969276e+09 1.696129e+32 1.136866e+35
1.925027e+11 5.128003e+09 1.730128e+32 1.159655e+35
1.963614e+11 5.291799e+09 1.764808e+32 1.182900e+35
2.002975e+11 5.460828e+09 1.800184e+32 1.206611e+35
2.043124e+11 5.635256e+09 1.836268e+32 1.230798e+35
2.084078e+11 5.815255e+09 1.873076e+32 1.255469e+35
2.125854e+11 6.001003e+09 1.910622e+32 1.280635e+35
2.168466e+11 6.192685e+09 1.948920e+32 1.306305e+35
2.211933e+11 6.390489e+09 1.987986e+32 1.332490e+35
2.256271e+11 6.594612e+09 2.027835e+32 1.359199e+35
2.301498e+11 6.805254e+09 2.068483e+32 1.386444e+35
2.347631e+11 7.022625e+09 2.109946e+32 1.414236e+35
2.394689e+11 7.246939e+09 2.152239e+32 1.442584e+35
2.442690e+11 7.478418e+09 2.195381e+32 1.471500e+35
2.491654e+11 7.717291e+09 2.239387e+32 1.500996e+35
2.541599e+11 7.963793e+09 2.284275e+32 1.531084e+35
2.592545e+11 8.218170e+09 2.330063e+32 1.561774e+35
2.644513e+11 8.480671e+09 2.376769e+32 1.593080e+35
2.697522e+11 8.751557e+09 2.424411e+32 1.625013e+35
2.751593e+11 9.031096e+09 2.473009e+32 1.657586e+35
2.806749e+11 9.319564e+09 2.522580e+32 1.690812e+35
2.863010e+11 9.617246e+09 2.573145e+32 1.724705e+35
2.920399e+11 9.924436e+09 2.624723e+32 1.759276e+35
2.978938e+11 1.024144e+10 2.677336e+32 1.794541e+35
3.038650e+11 1.056857e+10 2.731003e+32 1.830512e+35
3.099560e+11 1.090614e+10 2.785745e+32 1.867205e+35
3.161690e+11 1.125450e+10 2.841585e+32 1.904633e+35
3.225066e+11 1.161399e+10 2.898545e+32 1.942811e+35
3.289712e+11 1.198496e+10 2.956646e+32 1.981754e+35
3.355654e+11 1.236778e+10 3.015912e+32 2.021478e+35
3.422918e+11 1.276283e+10 3.076365e+32 2.061999e+35
3.491530e+11 1.317049e+10 3.138031e+32 2.103331e+35
3.561518e+11 1.359118e+10 3.200932e+32 2.145493e+35
3.632908e+11 1.402530e+10 3.265095e+32 2.188499e+35
3.705729e+11 1.447329e+10 3.330544e+32 2.232367e+35
3.780010e+11 1.493559e+10 3.397304e+32 2.277115e+35
3.855781e+11 1.541266e+10 3.465403e+32 2.322759e+35
3.933069e+11 1.590496e+10 3.534866e+32 2.369319e+35
4.011907e+11 1.641299e+10 3.605723e+32 2.416812e+35
4.092326e+11 1.693725e+10 3.677999e+32 2.465256e+35
4.174356e+11 1.747826e+10 3.751724e+32 2.514672e+35
4.258031e+11 1.803654e+10 3.826927e+32 2.565079e+35
4.343383e+11 1.861265e+10 3.903638e+32 2.616496e+35
4.430445e+11 1.920717e+10 3.981886e+32 2.668943e+35
4.519253e+11 1.982068e+10 4.061702e+32 2.722442e+35
4.609841e+11 2.045379e+10 4.143119e+32 2.777013e+35
4.702245e+11 2.110711e+10 4.226167e+32 2.832678e+35
4.796502e+11 2.178131e+10 4.310881e+32 2.889459e+35
4.892647e+11 2.247704e+10 4.397292e+32 2.947378e+35
4.990720e+11 2.319499e+10 4.485435e+32 3.006458e+35
5.090758e+11 2.393588e+10 4.575345e+32 3.066722e+35
5.192802e+11 2.470043e+10 4.667058e+32 3.128194e+35
5.296892e+11 2.548940e+10 4.760609e+32 3.190899e+35
5.403067e+11 2.630357e+10 4.856035e+32 3.254860e+35
5.511371e+11 2.714375e+10 4.953374e+32 3.320103e+35
5.621846e+11 2.801076e+10 5.052664e+32 3.386654e+35
5.734536e+11 2.890547e+10 5.153944e+32 3.454540e+35
5.849484e+11 2.982876e+10 5.257254e+32 3.523786e+35
5.966737e+11 3.078154e+10 5.362635e+32 3.594420e+35
6.086339e+11 3.176475e+10 5.470129e+32 3.666470e+35
6.208340e+11 3.277937e+10 5.579777e+32 3.739964e+35
6.332785e+11 3.382639e+10 5.691624e+32 3.814931e+35
6.459726e+11 3.490686e+10 5.805712e+32 3.891401e+35
6.589210e+11 3.602184e+10 5.922087e+32 3.969404e+35
6.721290e+11 3.717244e+10 6.040795e+32 4.048970e+35
6.856018e+11 3.835979e+10 6.161882e+32 4.130131e+35
6.993447e+11 3.958506e+10 6.285396e+32 4.212920e+35
7.133630e+11 4.084947e+10 6.411387e+32 4.297367e+35
7.276623e+11 4.215427e+10 6.539902e+32 4.383508e+35
7.422482e+11 4.350074e+10 6.670994e+32 4.471375e+35
7.571265e+11 4.489023e+10 6.804714e+32 4.561003e+35
7.723031e+11 4.632409e+10 6.941114e+32 4.652428e+35
7.877838e+11 4.780376e+10 7.080248e+32 4.745686e+35
8.035749e+11 4.933069e+10 7.222171e+32 4.840813e+35
8.196825e+11 5.090639e+10 7.366939e+32 4.937846e+35
8.361129e+11 5.253242e+10 7.514608e+32 5.036825e+35
8.528728e+11 5.421039e+10 7.665238e+32 5.137788e+35
8.699685e+11 5.594196e+10 7.818887e+32 5.240774e+35
8.874070e+11 5.772883e+10 7.975616e+32 5.345825e+35
9.051950e+11 5.957278e+10 8.135487e+32 5.452982e+35
9.233396e+11 6.147564e+10 8.298562e+32 5.562286e+35
9.418478e+11 6.343927e+10 8.464906e+32 5.673782e+35
9.607271e+11 6.546562e+10 8.634585e+32 5.787513e+35
9.799848e+11 6.755670e+10 8.807664e+32 5.903523e+35
9.996285e+11 6.971456e+10 8.984213e+32 6.021859e+35
1.019666e+12 7.194136e+10 9.164301e+32 6.142566e+35
1.040105e+12 7.423928e+10 9.347999e+32 6.265693e+35
1.060954e+12 7.661060e+10 9.535379e+32 6.391289e+35
1.082221e+12 7.905767e+10 9.726514e+32 6.519402e+35
1.103914e+12 8.158290e+10 9.921482e+32 6.650083e+35
1.126042e+12 8.418879e+10 1.012036e+33 6.783383e+35
1.148613e+12 8.687791e+10 1.032322e+33 6.919355e+35
1.171637e+12 8.965293e+10 1.053015e+33 7.058053e+35
1.195122e+12 9.251659e+10 1.074122e+33 7.199531e+35
1.219078e+12 9.547172e+10 1.095653e+33 7.343846e+35
1.243515e+12 9.852124e+10 1.117615e+33 7.491052e+35
1.268441e+12 1.016682e+11 1.140018e+33 7.641210e+35
1.293867e+12 1.049156e+11 1.162869e+33 7.794377e+35
1.319802e+12 1.082668e+11 1.186179e+33 7.950615e+35
1.346257e+12 1.117250e+11 1.209956e+33 8.109985e+35
1.373243e+12 1.152937e+11 1.234209e+33 8.272549e+35
1.400770e+12 1.189763e+11 1.258949e+33 8.438371e+35
1.428848e+12 1.227766e+11 1.284184e+33 8.607518e+35
1.457489e+12 1.266983e+11 1.309926e+33 8.780055e+35
1.486704e+12 1.307453e+11 1.336183e+33 8.956050e+35
1.516505e+12 1.349215e+11 1.362967e+33 9.135574e+35
1.546903e+12 1.392311e+11 1.390287e+33 9.318695e+35
1.577911e+12 1.436784e+11 1.418156e+33 9.505488e+35
1.609540e+12 1.482677e+11 1.446583e+33 9.696025e+35
1.641803e+12 1.530036e+11 1.475579e+33 9.890381e+35
1.674713e+12 3.379786e+27 1.505165e+33 1.008863e+36
1.708283e+12 3.598968e+27 1.535337e+33 1.029086e+36
1.742525e+12 3.832363e+27 1.566113e+33 1.049714e+36
1.777454e+12 4.080894e+27 1.597506e+33 1.070755e+36
1.813083e+12 4.345543e+27 1.629528e+33 1.092218e+36
1.849426e+12 4.627354e+27 1.662193e+33 1.114112e+36
1.886497e+12 4.927441e+27 1.695512e+33 1.136444e+36
1.924312e+12 5.246989e+27 1.729498e+33 1.159224e+36
1.962885e+12 5.587259e+27 1.764167e+33 1.182461e+36
2.002231e+12 5.949597e+27 1.799530e+33 1.206163e+36
2.042365e+12 6.335432e+27 1.835602e+33 1.230340e+36
2.083304e+12 6.746289e+27 1.872397e+33 1.255003e+36
2.125064e+12 7.183790e+27 1.909930e+33 1.280159e+36
2.167661e+12 7.649663e+27 1.948215e+33 1.305820e+36
2.211111e+12 8.145749e+27 1.987268e+33 1.331995e+36
2.255433e+12 8.674006e+27 2.027104e+33 1.358694e+36
2.300643e+12 9.236521e+27 2.067738e+33 1.385929e+36
2.346759e+12 9.835515e+27 2.109186e+33 1.413710e+36
2.393800e+12 1.047335e+28 2.151466e+33 1.442048e+36
2.441783e+12 1.115256e+28 2.194593e+33 1.470954e+36
2.490728e+12 1.187581e+28 2.238585e+33 1.500439e+36
2.540655e+12 1.264596e+28 2.283458e+33 1.530515e+36
2.591582e+12 1.346606e+28 2.329231e+33 1.561194e+36
2.643530e+12 1.433935e+28 2.375922e+33 1.592488e+36
2.696520e+12 1.526926e+28 2.423549e+33 1.624409e+36
2.750571e+12 1.625948e+28 2.472131e+33 1.656970e+36
2.805706e+12 1.731392e+28 2.521686e+33 1.690184e+36
2.861946e+12 1.843674e+28 2.572235e+33 1.724064e+36
2.919314e+12 1.963237e+28 2.623797e+33 1.758623e+36
2.977831e+12 2.090555e+28 2.676393e+33 1.793874e+36
3.037521e+12 2.226128e+28 2.730044e+33 1.829832e+36
3.098408e+12 2.370494e+28 2.784770e+33 1.866511e+36
3.160516e+12 2.524222e+28 2.840593e+33 1.903925e+36
3.223868e+12 2.687920e+28 2.897535e+33 1.942089e+36
3.288490e+12 2.862233e+28 2.955619e+33 1.981018e+36
3.354408e+12 3.047851e+28 3.014868e+33 2.020728e+36
3.421647e+12 3.245506e+28 3.075304e+33 2.061233e+36
3.490233e+12 3.455979e+28 3.136952e+33 2.102550e+36
3.560195e+12 3.680102e+28 3.199835e+33 2.144696e+36
3.631559e+12 3.918759e+28 3.263980e+33 2.187686e+36
3.704353e+12 4.172893e+28 3.329411e+33 2.231538e+36
3.778606e+12 4.443507e+28 3.396153e+33 2.276269e+36
3.854348e+12 4.731672e+28 3.464234e+33 2.321896e+36
3.931608e+12 5.038524e+28 3.533679e+33 2.368439e+36
4.010417e+12 5.365275e+28 3.604517e+33 2.415914e+36
4.090806e+12 5.713217e+28 3.676776e+33 2.464341e+36
4.172805e+12 6.083723e+28 3.750483e+33 2.513738e+36
4.256449e+12 6.478256e+28 3.825668e+33 2.564126e+36
4.341769e+12 6.898375e+28 3.902360e+33 2.615524e+36
4.428800e+12 7.345739e+28 3.980590e+33 2.667952e+36
4.517575e+12 7.822115e+28 4.060389e+33 2.721430e+36
4.608129e+12 8.329384e+28 4.141788e+33 2.775981e+36
4.700499e+12 8.869550e+28 4.224819e+33 2.831626e+36
4.794720e+12 9.444746e+28 4.309515e+33 2.888385e+36
4.890830e+12 1.005724e+29 4.395910e+33 2.946283e+36
4.988866e+12 1.070946e+29 4.484037e+33 3.005341e+36
5.088867e+12 1.140398e+29 4.573931e+33 3.065583e+36
5.190873e+12 1.214353e+29 4.665628e+33 3.127032e+36
5.294924e+12 1.293105e+29 4.759163e+33 3.189713e+36
5.401060e+12 1.376964e+29 4.854575e+33 3.253651e+36
5.509324e+12 1.466261e+29 4.951900e+33 3.318870e+36
5.619758e+12 1.561349e+29 5.051177e+33 3.385396e+36
5.732406e+12 1.662603e+29 5.152445e+33 3.453256e+36
5.847311e+12 1.770424e+29 5.255744e+33 3.522477e+36
5.964520e+12 1.885237e+29 5.361115e+33 3.593084e+36
6.084078e+12 2.007496e+29 5.468599e+33 3.665108e+36
6.206033e+12 2.137683e+29 5.578239e+33 3.738574e+36
6.330433e+12 2.276314e+29 5.690078e+33 3.813514e+36
6.457326e+12 2.423934e+29 5.804161e+33 3.889955e+36
6.586762e+12 2.581128e+29 5.920532e+33 3.967929e+36
6.718794e+12 2.748515e+29 6.039238e+33 4.047466e+36
6.853471e+12 2.926758e+29 6.160325e+33 4.128597e+36
6.990849e+12 3.116561e+29 6.283841e+33 4.211355e+36
7.130980e+12 3.318672e+29 6.409835e+33 4.295771e+36
7.273920e+12 3.533890e+29 6.538356e+33 4.381879e+36
7.419725e+12 3.763065e+29 6.669457e+33 4.469714e+36
7.568453e+12 4.007102e+29 6.803188e+33 4.559309e+36
7.720162e+12 4.266965e+29 6.939602e+33 4.650700e+36
7.874912e+12 4.543680e+29 7.078754e+33 4.743923e+36
8.032764e+12 4.838341e+29 7.220698e+33 4.839014e+36
8.193780e+12 5.152111e+29 7.365490e+33 4.936012e+36
8.358023e+12 5.486228e+29 7.513188e+33 5.034954e+36
8.525559e+12 5.842014e+29 7.663851e+33 5.135879e+36
8.696454e+12 6.220872e+29 7.817538e+33 5.238827e+36
8.870773e+12 6.624300e+29 7.974310e+33 5.343839e+36
9.048587e+12 7.053890e+29 8.134228e+33 5.450956e+36
9.229966e+12 7.511339e+29 8.297357e+33 5.560220e+36
9.414979e+12 7.998454e+29 8.463761e+33 5.671674e+36
9.603702e+12 8.517159e+29 8.633506e+33 5.785363e+36
9.796207e+12 9.069503e+29 8.806660e+33 5.901330e+36
9.992572e+12 9.657666e+29 8.983290e+33 6.019621e+36
1.019287e+13 1.028397e+30 9.163468e+33 6.140284e+36
1.039719e+13 1.095089e+30 9.347264e+33 6.263366e+36
1.060560e+13 1.166107e+30 9.534752e+33 6.388915e+36
1.081819e+13 1.241729e+30 9.726006e+33 6.516980e+36
1.103504e+13 1.322256e+30 9.921102e+33 6.647612e+36
1.125623e+13 1.408006e+30 1.012012e+34 6.780863e+36
1.148186e+13 1.499316e+30 1.032313e+34 6.916785e+36
1.171202e+13 1.596547e+30 1.053023e+34 7.055431e+36
1.194678e+13 1.700084e+30 1.074148e+34 7.196857e+36
1.218625e+13 1.810336e+30 1.095699e+34 7.341117e+36
1.243053e+13 1.927737e+30 1.117682e+34 7.488270e+36
1.267970e+13 2.052752e+30 1.140107e+34 7.638371e+36
1.293386e+13 2.185875e+30 1.162984e+34 7.791482e+36
1.319312e+13 2.327630e+30 1.186320e+34 7.947662e+36
1.345757e+13 2.478578e+30 1.210126e+34 8.106972e+36
1.372733e+13 2.639316e+30 1.234411e+34 8.269475e+36
1.400249e+13 2.810477e+30 1.259184e+34 8.435236e+36
1.428317e+13 2.992738e+30 1.284456e+34 8.604320e+36
1.456948e+13 3.186819e+30 1.310236e+34 8.776793e+36
1.486152e+13 3.393487e+30 1.336535e+34 8.952723e+36
1.515942e+13 3.613557e+30 1.363364e+34 9.132180e+36
1.546329e+13 3.847898e+30 1.390733e+34 9.315234e+36
1.577325e+13 4.097437e+30 1.418653e+34 9.501957e+36
1.608942e+13 4.363158e+30 1.447136e+34 9.692423e+36
1.641193e+13 4.646112e+30 1.476193e+34 9.886707e+36
1.674091e+13 4.947415e+30 1.505835e+34 1.008488e+37
1.707648e+13 5.268258e+30 1.536074e+34 1.028704e+37
1.741878e+13 5.609908e+30 1.566924e+34 1.049324e+37
1.776793e+13 5.973714e+30 1.598396e+34 1.070357e+37
1.812409e+13 6.361114e+30 1.630502e+34 1.091813e+37
1.848739e+13 6.773636e+30 1.663257e+34 1.113698e+37
1.885797e+13 7.212911e+30 1.696673e+34 1.136022e+37
1.923597e+13 7.680673e+30 1.730763e+34 1.158793e+37
1.962156e+13 8.178769e+30 1.765542e+34 1.182021e+37
2.001487e+13 8.709168e+30 1.801024e+34 1.205715e+37
2.041606e+13 9.273963e+30 1.837223e+34 1.229883e+37
2.082530e+13 9.875385e+30 1.874154e+34 1.254536e+37
2.124274e+13 1.051581e+31 1.911832e+34 1.279683e+37
2.166855e+13 1.119777e+31 1.950272e+34 1.305335e+37
2.210290e+13 1.192395e+31 1.989490e+34 1.331500e+37
2.254595e+13 1.269723e+31 2.029503e+34 1.358190e+37
2.299788e+13 1.352065e+31 2.070327e+34 1.385414e+37
2.345887e+13 1.439747e+31 2.111978e+34 1.413185e+37
2.392910e+13 1.533116e+31 2.154473e+34 1.441512e+37
2.440876e+13 1.632539e+31 2.197831e+34 1.470407e+37
2.489803e+13 1.738411e+31 2.242069e+34 1.499881e+37
2.539711e+13 1.851148e+31 2.287206e+34 1.529946e+37
2.590619e+13 1.971196e+31 2.333261e+34 1.560614e+37
2.642548e+13 2.099029e+31 2.380251e+34 1.591896e+37
2.695518e+13 2.235152e+31 2.428198e+34 1.623806e+37
2.749549e+13 2.380103e+31 2.477122e+34 1.656355e+37
2.804664e+13 2.534455e+31 2.527042e+34 1.689556e+37
2.860883e+13 2.698816e+31 2.577980e+34 1.723423e+37
2.918229e+13 2.873836e+31 2.629958e+34 1.757969e+37
2.976725e+13 3.060206e+31 2.682997e+34 1.793208e+37
3.036393e+13 3.258662e+31 2.737121e+34 1.829152e+37
3.097257e+13 3.469988e+31 2.792351e+34 1.865818e+37
3.159342e+13 3.695019e+31 2.848712e+34 1.903218e+37
3.222670e+13 3.934644e+31 2.906228e+34 1.941368e+37
3.287269e+13 4.189808e+31 2.964924e+34 1.980282e+37
3.353162e+13 4.461520e+31 3.024825e+34 2.019977e+37
3.420375e+13 4.750852e+31 3.085957e+34 2.060467e+37
3.488937e+13 5.058948e+31 3.148347e+34 2.101769e+37
3.558872e+13 5.387024e+31 3.212022e+34 2.143899e+37
3.630209e+13 5.736376e+31 3.277010e+34 2.186873e+37
3.702977e+13 6.108384e+31 3.343340e+34 2.230709e+37
3.777203e+13 6.504517e+31 3.411042e+34 2.275423e+37
3.852916e+13 6.926339e+31 3.480144e+34 2.321034e+37
3.930148e+13 7.375516e+31 3.550679e+34 2.367559e+37
4.008927e+13 7.853823e+31 3.622679e+34 2.415016e+37
4.089286e+13 8.363149e+31 3.696175e+34 2.463425e+37
4.171255e+13 8.905504e+31 3.771201e+34 2.512804e+37
4.254868e+13 9.483032e+31 3.847792e+34 2.563173e+37
4.340156e+13 1.009801e+32 3.925983e+34 2.614552e+37
4.427154e+13 1.075288e+32 4.005810e+34 2.666960e+37
4.515896e+13 1.145021e+32 4.087311e+34 2.720419e+37
4.606417e+13 1.219276e+32 4.170523e+34 2.774950e+37
4.698752e+13 1.298347e+32 4.255487e+34 2.830574e+37
4.792939e+13 1.382545e+32 4.342242e+34 2.887312e+37
4.889013e+13 1.472204e+32 4.430831e+34 2.945188e+37
4.987013e+13 1.567678e+32 4.521295e+34 3.004224e+37
5.086977e+13 1.669343e+32 4.613680e+34 3.064444e+37
5.188945e+13 1.777601e+32 4.708031e+34 3.125870e+37
5.292957e+13 1.892879e+32 4.804394e+34 3.188528e+37
5.399054e+13 2.015634e+32 4.902818e+34 3.252442e+37
5.507277e+13 2.146349e+32 5.003353e+34 3.317637e+37
5.617670e+13 2.285541e+32 5.106049e+34 3.384139e+37
5.730276e+13 2.433760e+32 5.210959e+34 3.451974e+37
5.845139e+13 2.591591e+32 5.318139e+34 3.521168e+37
5.962304e+13 2.759657e+32 5.427643e+34 3.591750e+37
6.081818e+13 2.938623e+32 5.539531e+34 3.663746e+37
6.203728e+13 3.129194e+32 5.653862e+34 3.737185e+37
6.328081e+13 3.332124e+32 5.770699e+34 3.812097e+37
6.454927e+13 3.548215e+32 5.890105e+34 3.888510e+37
6.584316e+13 3.778319e+32 6.012146e+34 3.966455e+37
6.716298e+13 4.023345e+32 6.136891e+34 4.045962e+37
6.850925e+13 4.284262e+32 6.264411e+34 4.127063e+37
6.988252e+13 4.562099e+32 6.394780e+34 4.209790e+37
7.128331e+13 4.857954e+32 6.528073e+34 4.294175e+37
7.271217e+13 5.172996e+32 6.664369e+34 4.380251e+37
7.416968e+13 5.508468e+32 6.803750e+34 4.468053e+37
7.565641e+13 5.865695e+32 6.946301e+34 4.557615e+37
7.717294e+13 6.246090e+32 7.092110e+34 4.648972e+37
7.871986e+13 6.651152e+32 7.241267e+34 4.742160e+37
8.029780e+13 7.082484e+32 7.393868e+34 4.837217e+37
8.190736e+13 7.541788e+32 7.550011e+34 4.934178e+37
8.354919e+13 8.030878e+32 7.709798e+34 5.033083e+37
8.522392e+13 8.551685e+32 7.873336e+34 5.133971e+37
8.693223e+13 9.106267e+32 8.040736e+34 5.236881e+37
8.867478e+13 9.696815e+32 8.212112e+34 5.341854e+37
9.045226e+13 1.032566e+33 8.387585e+34 5.448931e+37
9.226537e+13 1.099529e+33 8.567280e+34 5.558155e+37
9.411482e+13 1.170834e+33 8.751327e+34 5.669567e+37
9.600134e+13 1.246763e+33 8.939861e+34 5.783213e+37
9.792568e+13 1.327616e+33 9.133026e+34 5.899138e+37
9.988860e+13 1.413713e+33 9.330968e+34 6.017385e+37
1.018909e+14 1.505393e+33 9.533842e+34 6.138003e+37
1.039332e+14 1.603019e+33 9.741809e+34 6.261039e+37
1.060166e+14 1.706976e+33 9.955039e+34 6.386541e+37
1.081417e+14 1.817674e+33 1.017371e+35 6.514559e+37
1.103094e+14 1.935552e+33 1.039800e+35 6.645143e+37
1.125205e+14 2.061074e+33 1.062811e+35 6.778344e+37
1.147760e+14 2.194736e+33 1.086423e+35 6.914215e+37
1.170767e+14 2.337066e+33 1.110659e+35 7.052810e+37
1.194234e+14 2.488626e+33 1.135540e+35 7.194183e+37
1.218173e+14 2.650015e+33 1.161089e+35 7.338390e+37
1.242591e+14 2.821870e+33 1.187332e+35 7.485488e+37
1.267499e+14 3.004870e+33 1.214293e+35 7.635534e+37
1.292906e+14 3.199738e+33 1.241999e+35 7.788587e+37
1.318822e+14 3.407243e+33 1.270479e+35 7.944709e+37
1.345257e+14 3.628205e+33 1.299762e+35 8.103960e+37
1.372223e+14 3.863496e+33 1.329880e+35 8.266403e+37
1.399729e+14 4.114046e+33 1.360865e+35 8.432103e+37
1.427787e+14 4.380845e+33 1.392752e+35 8.601124e+37
1.456406e+14 4.664946e+33 1.425576e+35 8.773533e+37
1.485600e+14 4.967470e+33 1.459377e+35 8.949397e+37
1.515379e+14 5.289614e+33 1.494195e+35 9.128787e+37
1.545754e+14 5.632649e+33 1.530071e+35 9.311773e+37
1.576739e+14 5.997930e+33 1.567050e+35 9.498427e+37
1.608344e+14 6.386899e+33 1.605180e+35 9.688822e+37
1.640584e+14 6.801094e+33 1.644510e+35 9.883034e+37
1.673469e+14 7.343518e+33 1.724344e+35 1.008114e+38
1.707014e+14 7.810616e+33 1.768506e+35 1.028321e+38
1.741231e+14 8.307850e+33 1.814175e+35 1.048934e+38
1.776133e+14 8.837193e+33 1.861425e+35 1.069960e+38
1.811736e+14 9.400746e+33 1.910329e+35 1.091407e+38
1.848052e+14 1.000075e+34 1.960969e+35 1.113284e+38
1.885096e+14 1.063960e+34 2.013428e+35 1.135600e+38
1.922883e+14 1.131983e+34 2.067796e+35 1.158363e+38
1.961427e+14 1.204418e+34 2.124168e+35 1.181582e+38
2.000743e+14 1.281553e+34 2.182644e+35 1.205267e+38
2.040848e+14 1.363698e+34 2.243332e+35 1.229426e+38
2.081757e+14 1.451183e+34 2.306344e+35 1.254070e+38
2.123485e+14 1.544360e+34 2.371801e+35 1.279208e+38
2.166050e+14 1.643603e+34 2.439830e+35 1.304850e+38
2.209469e+14 1.749314e+34 2.510566e+35 1.331005e+38
2.253757e+14 1.861920e+34 2.584152e+35 1.357685e+38
2.298934e+14 1.981876e+34 2.660741e+35 1.384900e+38
2.345016e+14 2.109668e+34 2.740495e+35 1.412660e+38
2.392021e+14 2.245816e+34 2.823586e+35 1.440977e+38
2.439969e+14 2.390872e+34 2.910197e+35 1.469861e+38
2.488878e+14 2.545429e+34 3.000521e+35 1.499324e+38
2.538768e+14 2.710116e+34 3.094765e+35 1.529378e+38
2.589657e+14 2.885606e+34 3.193149e+35 1.560034e+38
2.641566e+14 3.072617e+34 3.295907e+35 1.591305e+38
2.694516e+14 3.271916e+34 3.403285e+35 1.623203e+38
2.748528e+14 3.484321e+34 3.515550e+35 1.655740e+38
2.803622e+14 3.710705e+34 3.632981e+35 1.688929e+38
2.859820e+14 3.952001e+34 3.755878e+35 1.722783e+38
2.917145e+14 4.209203e+34 3.884560e+35 1.757316e+38
2.975619e+14 4.483375e+34 4.019366e+35 1.792542e+38
3.035265e+14 4.775650e+34 4.160655e+35 1.828473e+38
3.096107e+14 5.087240e+34 4.308814e+35 1.865125e+38
3.158168e+14 5.419438e+34 4.464251e+35 1.902511e+38
3.221473e+14 5.773625e+34 4.627403e+35 1.940647e+38
3.286047e+14 6.151276e+34 4.798735e+35 1.979547e+38
3.351916e+14 6.553964e+34 4.978741e+35 2.019226e+38
3.419105e+14 6.983373e+34 5.167950e+35 2.059702e+38
3.487641e+14 7.441298e+34 5.366925e+35 2.100988e+38
3.557550e+14 7.929658e+34 5.576264e+35 2.143102e+38
3.628861e+14 8.450502e+34 5.796608e+35 2.186061e+38
3.701601e+14 9.006018e+34 6.028639e+35 2.229880e+38
3.775799e+14 9.598546e+34 6.273083e+35 2.274578e+38
3.851485e+14 1.023058e+35 6.530717e+35 2.320172e+38
3.928688e+14 1.090480e+35 6.802367e+35 2.366679e+38
4.007438e+14 1.162404e+35 7.088917e+35 2.414119e+38
4.087767e+14 1.239135e+35 7.391308e+35 2.462510e+38
4.169706e+14 1.321000e+35 7.710545e+35 2.511871e+38
4.253287e+14 1.408345e+35 8.047700e+35 2.562221e+38
4.338544e+14 1.501543e+35 8.403918e+35 2.613581e+38
4.425510e+14 1.600990e+35 8.780421e+35 2.665970e+38
4.514219e+14 1.707112e+35 9.178512e+35 2.719409e+38
4.604706e+14 1.820361e+35 9.599585e+35 2.773919e+38
4.697007e+14 1.941222e+35 1.004513e+36 2.829522e+38
4.791158e+14 2.070214e+35 1.051672e+36 2.886240e+38
4.887196e+14 2.207891e+35 1.101607e+36 2.944094e+38
4.985160e+14 2.354845e+35 1.154497e+36 3.003108e+38
5.085087e+14 2.511708e+35 1.210537e+36 3.063305e+38
5.187017e+14 2.679159e+35 1.269933e+36 3.124709e+38
5.290991e+14 2.857919e+35 1.332906e+36 3.187344e+38
5.397048e+14 3.048763e+35 1.399691e+36 3.251234e+38
5.505232e+14 3.252519e+35 1.470541e+36 3.316405e+38
5.615583e+14 3.470069e+35 1.545724e+36 3.382882e+38
5.728147e+14 3.702361e+35 1.625529e+36 3.450691e+38
5.842968e+14 3.950406e+35 1.710262e+36 3.519860e+38
5.960090e+14 4.215285e+35 1.800252e+36 3.590415e+38
6.079559e+14 4.498156e+35 1.895850e+36 3.662385e+38
6.201423e+14 4.800255e+35 1.997433e+36 3.735797e+38
6.325730e+14 5.122906e+35 2.105400e+36 3.810681e+38
6.452529e+14 5.467525e+35 2.220182e+36 3.887066e+38
6.581870e+14 5.835626e+35 2.342237e+36 3.964982e+38
6.713803e+14 6.228829e+35 2.472055e+36 4.044459e+38
6.848380e+14 6.648867e+35 2.610162e+36 4.125530e+38
6.985656e+14 7.097595e+35 2.757118e+36 4.208226e+38
7.125683e+14 7.576995e+35 2.913523e+36 4.292580e+38
7.268516e+14 8.089192e+35 3.080019e+36 4.378624e+38
7.414213e+14 8.636455e+35 3.257293e+36 4.466393e+38
7.562830e+14 9.221216e+35 3.446078e+36 4.555922e+38
7.714427e+14 9.846076e+35 3.647161e+36 4.647245e+38
7.869062e+14 1.051382e+36 3.861381e+36 4.740399e+38
8.026797e+14 1.122742e+36 4.089639e+36 4.835420e+38
8.187693e+14 1.199007e+36 4.332895e+36 4.932345e+38
8.351815e+14 1.280519e+36 4.592180e+36 5.031214e+38
8.519226e+14 1.367642e+36 4.868595e+36 5.132064e+38
8.689994e+14 1.460767e+36 5.163320e+36 5.234936e+38
8.864184e+14 1.560314e+36 5.477615e+36 5.339870e+38
9.041866e+14 1.666730e+36 5.812833e+36 5.446907e+38
9.223109e+14 1.780495e+36 6.170418e+36 5.556090e+38
9.407986e+14 1.902124e+36 6.551918e+36 5.667461e+38
9.596568e+14 2.032164e+36 6.958990e+36 5.781065e+38
9.788931e+14 2.171207e+36 7.393407e+36 5.896946e+38
9.985149e+14 2.319882e+36 7.857068e+36 6.015150e+38
1.018530e+15 2.478866e+36 8.352006e+36 6.135723e+38
1.038946e+15 2.648880e+36 8.880398e+36 6.258713e+38
1.059772e+15 2.830700e+36 9.444576e+36 6.384169e+38
1.081015e+15 3.025156e+36 1.004703e+37 6.512139e+38
1.102684e+15 3.233135e+36 1.069045e+37 6.642674e+38
1.124787e+15 3.455591e+36 1.137768e+37 6.775826e+38
1.147333e+15 3.693542e+36 1.211180e+37 6.911647e+38
1.170332e+15 3.948081e+36 1.289608e+37 7.050190e+38
1.193791e+15 4.220378e+36 1.373406e+37 7.191511e+38
1.217720e+15 4.511687e+36 1.462949e+37 7.335664e+38
1.242129e+15 4.823350e+36 1.558642e+37 7.482707e+38
1.267028e+15 5.156808e+36 1.660917e+37 7.632697e+38
1.292425e+15 5.513602e+36 1.770238e+37 7.785694e+38
1.318332e+15 5.895385e+36 1.887101e+37 7.941758e+38
1.344758e+15 6.303927e+36 2.012039e+37 8.100950e+38
1.371713e+15 6.741127e+36 2.145621e+37 8.263333e+38
1.399209e+15 7.209018e+36 2.288460e+37 8.428970e+38
1.427256e+15 7.709780e+36 2.441209e+37 8.597929e+38
1.455865e+15 8.245750e+36 2.604572e+37 8.770273e+38
1.485048e+15 8.819432e+36 2.779299e+37 8.946073e+38
1.514816e+15 9.433512e+36 2.966198e+37 9.125396e+38
1.545180e+15 1.009087e+37 3.166134e+37 9.308314e+38
1.576153e+15 1.079458e+37 3.380032e+37 9.494898e+38
1.607747e+15 1.154796e+37 3.608886e+37 9.685223e+38
1.639974e+15 1.235456e+37 3.853761e+37 9.879363e+38
1.672847e+15 1.321817e+37 4.115800e+37 1.007739e+39
1.706379e+15 1.414288e+37 4.396227e+37 1.027939e+39
1.740584e+15 1.513306e+37 4.696353e+37 1.048544e+39
1.775474e+15 1.619339e+37 5.017589e+37 1.069562e+39
1.811063e+15 1.732890e+37 5.361442e+37 1.091002e+39
1.847365e+15 1.854500e+37 5.729532e+37 1.112871e+39
1.884396e+15 1.984745e+37 6.123595e+37 1.135178e+39
1.922168e+15 2.124246e+37 6.545495e+37 1.157933e+39
1.960698e+15 2.273670e+37 6.997228e+37 1.181143e+39
2.000000e+15 2.433729e+37 7.480937e+37 1.204819e+39
