# # SLy4 M-R Relation - Standard GR (CORRECTED)
# # Using Douchin & Haensel (2001) EOS
# # Columns: M (Msun), R (km), P_central (dyne/cm²), rho_central (g/cm³)
# 
0.301898 10.948353 9.072315e+33 3.739121e+14
0.311806 10.935023 9.517513e+33 3.800443e+14
0.322020 10.923798 9.984558e+33 3.862779e+14
0.332544 10.914569 1.047452e+34 3.926152e+14
0.343384 10.907368 1.098853e+34 3.990589e+14
0.354543 10.901763 1.152776e+34 4.056116e+14
0.366028 10.898025 1.209345e+34 4.122760e+14
0.377840 10.895860 1.268691e+34 4.190550e+14
0.389983 10.895208 1.330948e+34 4.259516e+14
0.402460 10.895802 1.396260e+34 4.329687e+14
0.415274 10.897800 1.464778e+34 4.401094e+14
0.428429 10.900846 1.536658e+34 4.473766e+14
0.441925 10.905153 1.612065e+34 4.547733e+14
0.455765 10.910363 1.691173e+34 4.623028e+14
0.469949 10.916572 1.774162e+34 4.699681e+14
0.484479 10.923572 1.861224e+34 4.777726e+14
0.499354 10.931319 1.952558e+34 4.857197e+14
0.514575 10.939820 2.048375e+34 4.938129e+14
0.530140 10.948894 2.148893e+34 5.020557e+14
0.546050 10.958498 2.254344e+34 5.104515e+14
0.562297 10.968436 2.364969e+34 5.190040e+14
0.578885 10.978828 2.481023e+34 5.277169e+14
0.595807 10.989498 2.602773e+34 5.365940e+14
0.613061 11.000402 2.730496e+34 5.456395e+14
0.630642 11.011455 2.864488e+34 5.548576e+14
0.648544 11.022719 3.005054e+34 5.642530e+14
0.666761 11.033788 3.152519e+34 5.738305e+14
0.685287 11.044925 3.307220e+34 5.835951e+14
0.704114 11.055991 3.469512e+34 5.935520e+14
0.723232 11.066831 3.639769e+34 6.037064e+14
0.742633 11.077490 3.818380e+34 6.140633e+14
0.762306 11.087835 4.005757e+34 6.246277e+14
0.782241 11.097873 4.202328e+34 6.354051e+14
0.802425 11.107503 4.408545e+34 6.464007e+14
0.822847 11.116700 4.624882e+34 6.576201e+14
0.843494 11.125385 4.851835e+34 6.690693e+14
0.864352 11.133521 5.089925e+34 6.807541e+14
0.885405 11.141057 5.339699e+34 6.926810e+14
0.906639 11.147950 5.601730e+34 7.048562e+14
0.928037 11.154168 5.876619e+34 7.172866e+14
0.949582 11.159613 6.164997e+34 7.299796e+14
0.971258 11.164362 6.467527e+34 7.429431e+14
0.993043 11.168167 6.784903e+34 7.561853e+14
1.014921 11.171175 7.117853e+34 7.697148e+14
1.036871 11.173271 7.467141e+34 7.835396e+14
1.058874 11.174465 7.833570e+34 7.976668e+14
1.080909 11.174696 8.217980e+34 8.121037e+14
1.102955 11.173927 8.621255e+34 8.268578e+14
1.124991 11.172135 9.044318e+34 8.419377e+14
1.146994 11.169289 9.488143e+34 8.573550e+14
1.168943 11.165365 9.953747e+34 8.731221e+14
1.190815 11.160340 1.044220e+35 8.892518e+14
1.212588 11.154193 1.095462e+35 9.057565e+14
1.234237 11.146910 1.149219e+35 9.226469e+14
1.255741 11.138448 1.205613e+35 9.399335e+14
1.277076 11.128821 1.264775e+35 9.576274e+14
1.298218 11.118001 1.326841e+35 9.757402e+14
1.319146 11.105984 1.391952e+35 9.942837e+14
1.339837 11.092749 1.460258e+35 1.013270e+15
1.360268 11.078289 1.531916e+35 1.032712e+15
1.380419 11.062626 1.607090e+35 1.052619e+15
1.400269 11.045683 1.685954e+35 1.073003e+15
1.419798 11.027552 1.768687e+35 1.093875e+15
1.438986 11.008158 1.855480e+35 1.115266e+15
1.457812 10.987554 1.946533e+35 1.137213e+15
1.476257 10.965731 2.042053e+35 1.159749e+15
1.494298 10.942687 2.142262e+35 1.182881e+15
1.511918 10.918425 2.247387e+35 1.206603e+15
1.529099 10.892979 2.357671e+35 1.230913e+15
1.545826 10.866333 2.473367e+35 1.255841e+15
1.562085 10.838508 2.594741e+35 1.281427e+15
1.577859 10.809520 2.722070e+35 1.307709e+15
1.593136 10.779416 2.855648e+35 1.334706e+15
1.607902 10.748125 2.995781e+35 1.362432e+15
1.622146 10.715753 3.142791e+35 1.390910e+15
1.635856 10.682301 3.297014e+35 1.420170e+15
1.649021 10.647778 3.458806e+35 1.450241e+15
1.649892 8.129184 3.981072e+36 4.049800e+15
1.656330 8.190627 3.794850e+36 4.049800e+15
1.661634 10.612216 3.628537e+35 1.481156e+15
1.663108 8.251952 3.617339e+36 4.049800e+15
1.670193 8.312955 3.448132e+36 4.049800e+15
1.673685 10.575636 3.806597e+35 1.512947e+15
1.677541 8.373286 3.286840e+36 4.049800e+15
1.685101 8.432744 3.133092e+36 4.049800e+15
1.685167 10.538064 3.993395e+35 1.545650e+15
1.692806 8.491015 2.986536e+36 4.049800e+15
1.696076 10.499533 4.189360e+35 1.579299e+15
1.700573 8.547800 2.846836e+36 4.049800e+15
1.706405 10.460066 4.394941e+35 1.613933e+15
1.708307 8.602780 2.713670e+36 4.049800e+15
1.715874 8.655636 2.586733e+36 4.049800e+15
1.716151 10.419692 4.610610e+35 1.649587e+15
1.723088 8.706050 2.465734e+36 4.020517e+15
1.725312 10.378443 4.836863e+35 1.686299e+15
1.729965 8.755912 2.350395e+36 3.903274e+15
1.733886 10.336351 5.074218e+35 1.724104e+15
1.736569 8.806109 2.240452e+36 3.790503e+15
1.741871 10.293445 5.323221e+35 1.763042e+15
1.742886 8.856611 2.135651e+36 3.682003e+15
1.748902 8.907382 2.035752e+36 3.577588e+15
1.749269 10.249758 5.584443e+35 1.803161e+15
1.754602 8.958391 1.940526e+36 3.477076e+15
1.756080 10.205329 5.858484e+35 1.844510e+15
1.759972 9.009597 1.849755e+36 3.380299e+15
1.762307 10.160189 6.145972e+35 1.887143e+15
1.764997 9.060974 1.763229e+36 3.287094e+15
1.767951 10.114364 6.447569e+35 1.931113e+15
1.769663 9.112487 1.680751e+36 3.197307e+15
1.773018 10.067911 6.763965e+35 1.976471e+15
1.773957 9.164091 1.602131e+36 3.110789e+15
1.777513 10.020837 7.095887e+35 2.023268e+15
1.777863 9.215763 1.527188e+36 3.027396e+15
1.781369 9.267459 1.455752e+36 2.946987e+15
1.781439 9.973222 7.444098e+35 2.071564e+15
1.784461 9.319147 1.387656e+36 2.869430e+15
1.784801 9.925060 7.809396e+35 2.121422e+15
1.787126 9.370785 1.322746e+36 2.794600e+15
1.787608 9.876398 8.192620e+35 2.172912e+15
1.789351 9.422347 1.260872e+36 2.722379e+15
1.789868 9.827290 8.594650e+35 2.226106e+15
1.791123 9.473785 1.201893e+36 2.652653e+15
1.791587 9.777757 9.016408e+35 2.281075e+15
1.792430 9.525068 1.145672e+36 2.585316e+15
1.792776 9.727836 9.458863e+35 2.337895e+15
1.793260 9.576146 1.092081e+36 2.520266e+15
1.793444 9.677569 9.923030e+35 2.396645e+15
1.793602 9.626993 1.040997e+36 2.457406e+15
